date,Men,Women,Total Single Adults
2015-09-01,8694,3449,12143
2015-09-18,8754,3491,12245
2016-03-08,9531,3650,13181
2016-03-31,9471,3671,13142
2016-11-30,9613,3889,13502
2016-12-01,9636,3870,13506
2016-12-06,9643,3879,13522
2016-12-08,9682,3869,13551
2017-01-08,9855,3780,13635
2017-01-12,9790,3782,13572
2017-02-13,9979,3754,13733
2017-02-15,10016,3845,13861
2017-02-22,10031,3833,13864
2017-02-26,10029,3817,13846
2017-03-15,10152,3869,14021
2017-06-29,10162,3818,13980
2017-07-06,10117,3832,13949
2017-10-24,10317,4071,14388
2017-11-30,10531,4105,14636
2017-12-12,10606,4098,14704
2017-12-14,10665,4119,14784
2018-01-16,10792,4092,14884
2018-01-25,10920,4126,15046
2018-02-05,11011,4111,15122
2018-02-11,11024,4171,15195
2018-02-22,11118,4189,15307
2018-03-08,11119,4152,15271
2018-03-26,11174,4146,15320
2018-09-06,11221,4273,15494
2018-09-09,11267,4356,15623
2018-09-10,11266,4371,15637
2018-09-12,11318,4385,15703
2018-09-13,11288,4381,15669
2018-09-30,11284,4401,15685
2018-10-23,11428,4428,15856
2018-10-24,11493,4436,15929
2018-10-25,11501,4443,15944
2018-10-28,11515,4435,15950
2018-10-30,11506,4422,15928
2018-11-01,11433,4401,15834
2018-11-06,11529,4407,15936
2018-11-07,11579,4413,15992
2018-11-08,11556,4427,15983
2018-11-13,11647,4442,16089
2018-11-15,11554,4451,16005
2018-11-18,11603,4453,16056
2018-11-22,11578,4417,15995
2018-11-26,11646,4451,16097
2018-11-27,11676,4458,16134
2018-11-29,11664,4469,16133
2018-12-03,11626,4447,16073
2018-12-06,11712,4463,16175
2018-12-09,11695,4462,16157
2018-12-10,11715,4472,16187
2018-12-11,11739,4465,16204
2018-12-13,11678,4474,16152
2018-12-16,11711,4449,16160
2018-12-18,11751,4480,16231
2018-12-26,11696,4412,16108
2018-12-30,11649,4397,16046
2019-04-25,12108,4435,16543
2019-06-08,11746,4305,16051
2019-06-10,11832,4327,16159
2019-06-11,11810,4350,16160
2019-06-12,11882,4372,16254
2019-06-23,11835,4371,16206
2019-07-08,11752,4354,16106
2019-07-17,11802,4376,16178
2019-08-06,11841,4380,16221
2019-09-08,11866,4489,16355
2019-09-19,11972,4583,16555
2019-09-30,11914,4543,16457
2019-10-01,11875,4523,16398
2019-10-22,12055,4592,16647
2019-12-30,12311,4606,16917
2020-01-09,12391,4656,17047
2020-01-12,12383,4636,17019
2020-01-13,12403,4638,17041
2020-01-15,12404,4658,17062
2020-01-16,12411,4674,17085
2020-01-20,12477,4701,17178
2020-01-30,12504,4731,17235
2020-02-02,12454,4680,17134
2020-02-03,12417,4689,17106
2020-02-04,12409,4717,17126
2020-02-05,12479,4711,17190
2020-03-19,12528,4618,17146
2020-04-06,12669,4609,17278
2020-04-09,12692,4633,17325
2020-04-14,12643,4621,17264
2020-05-03,12685,4484,17169
2020-05-04,12710,4493,17203
2020-06-18,13054,4387,17441
2020-08-06,13148,4481,17629
2020-08-09,13140,4496,17636
2020-09-30,13278,4520,17798
2020-10-15,13419,4514,17933
2020-10-21,13423,4508,17931
2020-11-09,13590,4524,18114
2020-11-18,13744,4562,18306
2020-12-10,13783,4553,18336
2020-12-17,13913,4558,18471
2020-12-23,13827,4537,18364
2021-01-05,13876,4508,18384
2021-01-26,14044,4583,18627
2021-03-01,13936,4543,18479
2021-03-02,13962,4526,18488
2021-03-03,13931,4503,18434
2021-03-04,13989,4526,18515
2021-03-08,14011,4495,18506
2021-03-17,13928,4526,18454
2021-03-25,13879,4517,18396
2021-04-04,13812,4406,18218
2021-04-11,13820,4405,18225
2021-04-15,13738,4400,18138
2021-04-19,13657,4391,18048
2021-04-29,13625,4341,17966
2021-05-04,13557,4352,17909
2021-05-05,13606,4382,17988
2021-05-06,13551,4389,17940
2021-05-11,13537,4360,17897
2021-05-13,13474,4347,17821
2021-05-17,13429,4337,17766
2021-05-19,13396,4311,17707
2021-05-31,13317,4266,17583
2021-06-02,13216,4271,17487
2021-06-03,13279,4272,17551
2021-06-07,13235,4261,17496
2021-06-08,13246,4234,17480
2021-06-09,13190,4241,17431
2021-06-10,13202,4245,17447
2021-06-13,13208,4263,17471
2021-06-17,13165,4242,17407
2021-07-06,12386,4232,16618
2021-08-26,12230,4012,16242
2021-09-12,12069,3999,16068
2021-10-31,12386,4113,16499
2021-11-21,12577,4132,16709
2021-11-25,12452,4105,16557
2021-12-12,12556,4131,16687
2021-12-26,12504,4070,16574
2022-01-04,12526,4039,16565
2022-01-05,12498,4043,16541
2022-01-12,12589,4047,16636
2022-02-17,12604,4015,16619
2022-03-23,12571,4032,16603
2022-03-28,12608,4059,16667
2022-03-29,12635,4060,16695
2022-03-30,12588,4046,16634
2022-04-21,12542,3999,16541
2022-04-24,12442,3967,16409
2022-04-28,12551,4022,16573
2022-05-02,12508,4024,16532
2022-05-03,12478,4025,16503
2022-06-14,12194,4084,16278
2022-06-16,12199,4104,16303
2022-06-22,12220,4130,16350
2022-06-23,12181,4126,16307
2022-07-07,12297,4124,16421
2022-07-17,12246,4042,16288
2022-07-18,12313,4095,16408
2022-07-19,12314,4120,16434
2022-07-28,12509,4128,16637
2022-07-31,12482,4099,16581
2022-08-01,12572,4114,16686
2022-08-03,12594,4144,16738
2022-08-08,12627,4132,16759
2022-08-17,12866,4125,16991
2022-08-30,13343,4239,17582
2022-09-08,13465,4250,17715
2022-09-11,13592,4257,17849
2022-09-12,13661,4248,17909
2022-09-15,13857,4292,18149
2022-09-18,14076,4280,18356
2022-09-19,14134,4315,18449
2022-09-20,14237,4308,18545
2022-09-25,14517,4358,18875
2022-09-27,14643,4365,19008
2022-10-05,15071,4380,19451
2022-10-06,15131,4394,19525
2022-10-13,15689,4411,20100
2022-10-20,15841,4441,20282
2022-11-03,15674,4422,20096
2022-11-09,15640,4367,20007
2022-11-14,15641,4394,20035
2022-11-15,15724,4421,20145
2022-11-21,15791,4429,20220
2022-12-08,15501,4388,19889
2022-12-13,15517,4418,19935
2022-12-15,15562,4397,19959
2022-12-29,15747,4369,20116
2023-01-02,15765,4368,20133
2023-01-08,16046,4372,20418
2023-01-09,16105,4372,20477
2023-01-12,16168,4437,20605
2023-01-17,16344,4460,20804
2023-02-02,16627,4459,21086
2023-02-06,16670,4508,21178
2023-03-02,16716,4452,21168
2023-03-05,16803,4472,21275
2023-03-07,16867,4532,21399
2023-03-14,16993,4520,21513
2023-03-16,16968,4518,21486
2023-03-19,17079,4524,21603
2023-04-06,17341,4571,21912
2023-04-18,17581,4589,22170
2023-04-23,17717,4596,22313
2023-05-17,18457,4637,23094
2023-05-30,18107,4647,22754
2023-06-05,17660,4621,22281
2023-06-15,17518,4681,22199
2023-06-28,17107,4691,21798
2023-07-09,16973,4710,21683
2023-07-11,16819,4732,21551
2023-07-19,16905,4784,21689
2023-07-23,16971,4710,21681
2023-07-30,16933,4695,21628
2023-08-06,16626,4700,21326
2023-08-17,16449,4739,21188
2023-08-31,15237,4801,20038
2023-09-04,15055,4749,19804
2023-09-06,14953,4791,19744
2023-09-11,14988,4780,19768
2023-09-12,15062,4808,19870
2023-09-13,15057,4792,19849
2023-09-14,15090,4809,19899
2023-09-18,14937,4799,19736
2023-09-20,14920,4782,19702
2023-09-21,14980,4789,19769
2023-09-24,15026,4795,19821
2023-10-03,14923,4753,19676
2023-10-04,14928,4751,19679
2023-10-05,14958,4754,19712
2023-10-09,14945,4753,19698
2023-10-11,14990,4664,19654
2023-10-12,15000,4802,19802
2023-10-15,15271,4860,20131
2023-10-16,15162,4880,20042
2023-10-17,15217,4893,20110
2023-10-19,15306,4964,20270
2023-10-24,15520,5018,20538
2023-10-26,15521,4985,20506
2023-10-29,15632,5052,20684
2023-10-30,15723,5048,20771
2023-11-02,15777,5086,20863
2023-11-05,15784,5064,20848
2023-11-07,15830,5091,20921
2023-11-08,15775,5082,20857
2023-11-13,15916,5089,21005
2023-11-14,15930,5084,21014
2023-11-15,15853,5083,20936
2023-11-16,15855,5069,20924
2023-11-19,15811,5060,20871
2023-11-20,15897,5091,20988
2023-11-21,15891,5090,20981
2023-11-27,16017,5072,21089
2023-11-30,16068,5084,21152
2023-12-03,16053,5077,21130
2023-12-04,16083,5062,21145
2023-12-05,16137,5072,21209
2023-12-06,16230,5075,21305
2023-12-07,16253,5078,21331
2023-12-10,16268,5062,21330
2023-12-11,16278,5067,21345
2023-12-12,16302,5064,21366
2023-12-13,16170,5067,21237
2023-12-14,16063,5053,21116
2023-12-17,16002,5050,21052
2023-12-18,15987,5063,21050
2023-12-19,16062,5086,21148
2023-12-20,15976,5058,21034
2023-12-21,15931,4976,20907
2023-12-25,15757,4923,20680
2023-12-26,15744,4924,20668
2023-12-27,15756,4934,20690
2023-12-28,15818,4941,20759
2024-01-01,15464,4895,20359
2024-01-02,15708,4936,20644
2024-01-03,15604,4950,20554
2024-01-04,15563,4957,20520
2024-01-07,15556,4997,20553
2024-01-08,15456,4999,20455
2024-01-09,15404,4962,20366
2024-01-10,15502,5055,20557
2024-01-11,15536,5033,20569
2024-01-15,15405,5067,20472
2024-01-16,15377,5085,20462
2024-01-17,15267,5087,20354
2024-01-21,15239,5068,20307
2024-01-22,15218,5055,20273
2024-01-23,15258,5064,20322
2024-01-25,15316,5070,20386
2024-01-29,15403,5071,20474
2024-01-30,15466,5100,20566
2024-01-31,15457,5092,20549
2024-02-01,15400,5067,20467
2024-02-04,15332,5067,20399
2024-02-05,15428,5094,20522
2024-02-06,15463,5118,20581
2024-02-08,15270,5116,20386
2024-02-11,15111,5062,20173
2024-02-12,15068,5087,20155
2024-02-13,15117,5094,20211
2024-02-14,15104,5075,20179
2024-02-15,15152,5100,20252
2024-02-19,15026,5000,20026
2024-02-20,14993,5027,20020
2024-02-21,14963,5023,19986
2024-02-25,14970,5017,19987
2024-02-26,14957,4987,19944
2024-02-27,14843,5032,19875
2024-02-28,14770,5049,19819
2024-02-29,14721,5055,19776
2024-03-03,14648,5023,19671
2024-03-04,14713,5054,19767
2024-03-05,14725,5063,19788
2024-03-06,14676,5060,19736
2024-03-07,14617,5043,19660
2024-03-10,14719,5052,19771
2024-03-11,14732,5064,19796
2024-03-12,14717,5071,19788
2024-03-13,14799,5063,19862
2024-03-14,14838,5068,19906
2024-03-17,14840,5027,19867
2024-03-18,14915,5040,19955
2024-03-19,14923,5053,19976
2024-03-20,14914,5063,19977
2024-03-21,14942,5078,20020
2024-03-24,14899,5069,19968
2024-03-25,14919,5066,19985
2024-03-26,14910,5072,19982
2024-03-27,14854,5056,19910
2024-03-28,14848,5058,19906
2024-03-31,14769,5044,19813
2024-04-01,14813,5038,19851
2024-04-02,14850,5052,19902
2024-04-03,14892,5060,19952
2024-04-04,14894,5047,19941
2024-04-07,14719,5035,19754
2024-04-08,14883,5048,19931
2024-04-09,14931,5027,19958
2024-04-14,14887,5000,19887
2024-04-15,14904,5012,19916
2024-04-16,14952,5050,20002
2024-04-17,15009,5058,20067
2024-04-18,15106,5054,20160
2024-04-21,15097,5041,20138
2024-04-23,15243,5068,20311
2024-04-24,15289,5049,20338
2024-04-25,15321,5003,20324
2024-04-28,15226,5009,20235
2024-04-29,15297,5027,20324
2024-04-30,15375,5018,20393
2024-05-01,15432,4993,20425
2024-05-02,15446,5002,20448
2024-05-05,15431,4985,20416
2024-05-06,15456,5009,20465
2024-05-07,15435,4996,20431
2024-05-08,15406,5011,20417
2024-05-09,15458,5016,20474
2024-05-12,15208,5023,20231
2024-05-13,15277,5021,20298
2024-05-14,15232,5020,20252
2024-05-15,15254,5018,20272
2024-05-16,15267,5009,20276
2024-05-19,15269,5012,20281
2024-05-20,15309,5009,20318
2024-05-21,15322,5016,20338
2024-05-22,15278,5019,20297
2024-05-23,15253,4991,20244
2024-05-27,15274,5013,20287
2024-05-28,15393,4994,20387
2024-05-29,15346,5002,20348
2024-05-30,15341,5032,20373
2024-06-02,15310,5029,20339
2024-06-03,15321,5029,20350
2024-06-05,15437,5028,20465
2024-06-06,15425,5012,20437
2024-06-09,15348,4985,20333
2024-06-10,15440,4984,20424
2024-06-11,15489,4988,20477
2024-06-12,15431,4980,20411
2024-06-16,15361,4972,20333
2024-06-19,15402,4977,20379
2024-06-20,15389,4988,20377
2024-06-23,15333,4977,20310
2024-06-24,15337,4967,20304
2024-06-25,15294,4963,20257
2024-06-26,15285,4976,20261
2024-06-27,15309,4973,20282
2024-06-30,15117,4958,20075
2024-07-01,15172,4988,20160
2024-07-02,15016,4976,19992
2024-07-04,14843,4901,19744
2024-07-07,14791,4893,19684
2024-07-08,14838,4939,19777
2024-07-09,14869,4941,19810
2024-07-10,14779,4965,19744
2024-07-14,14881,4989,19870
2024-07-15,14909,5023,19932
2024-07-16,14942,5045,19987
2024-07-17,14896,5050,19946
2024-07-21,14779,5036,19815
2024-07-22,14846,5040,19886
2024-07-23,14890,5061,19951
2024-07-24,14901,5071,19972
2024-07-25,14906,5054,19960
2024-07-28,14806,5038,19844
2024-07-29,14915,5080,19995
2024-07-30,14905,5085,19990
2024-07-31,14922,5048,19970
2024-08-01,14997,5043,20040
2024-08-04,14973,5080,20053
2024-08-05,15027,5085,20112
2024-08-06,15078,5079,20157
2024-08-07,15156,5077,20233
2024-08-08,15254,5073,20327
2024-08-11,15208,5105,20313
2024-08-12,15211,5117,20328
2024-08-14,15265,5139,20404
2024-08-15,15280,5129,20409
2024-08-18,15327,5115,20442
2024-08-19,15381,5087,20468
2024-08-20,15423,5117,20540
2024-08-21,15386,5118,20504
2024-08-22,15418,5131,20549
2024-08-25,15349,5105,20454
2024-08-26,15423,5112,20535
2024-08-27,15253,5116,20369
2024-08-28,15349,5142,20491
2024-08-29,15373,5110,20483
2024-09-02,15351,5112,20463
2024-09-03,15397,5150,20547
2024-09-04,15378,5130,20508
2024-09-05,15364,5121,20485
2024-09-08,15428,5104,20532
2024-09-09,15455,5140,20595
2024-09-10,15316,5128,20444
2024-09-11,15407,5139,20546
2024-09-12,15436,5143,20579
2024-09-15,15376,5129,20505
2024-09-16,15422,5173,20595
2024-09-17,15422,5193,20615
2024-09-18,15420,5181,20601
2024-09-19,15427,5190,20617
2024-09-22,15377,5205,20582
2024-09-23,15394,5226,20620
2024-09-24,15398,5248,20646
2024-09-25,15408,5235,20643
2024-09-26,15418,5261,20679
2024-09-29,15457,5247,20704
2024-09-30,15495,5245,20740
2024-10-01,15496,5262,20758
2024-10-02,15443,5285,20728
2024-10-03,15477,5270,20747
2024-10-06,15481,5267,20748
2024-10-07,15516,5274,20790
2024-10-09,15628,5271,20899
2024-10-10,15671,5288,20959
2024-10-14,15827,5305,21132
2024-10-15,15910,5322,21232
2024-10-16,15931,5359,21290
2024-10-17,15907,5365,21272
2024-10-20,15867,5360,21227
2024-10-21,15917,5378,21295
2024-10-22,15930,5391,21321
2024-10-23,15916,5401,21317
2024-10-24,15955,5394,21349
2024-10-27,15966,5433,21399
2024-10-28,16020,5438,21458
2024-10-29,16047,5446,21493
2024-10-30,16013,5425,21438
2024-11-03,16102,5445,21547
2024-11-05,16092,5465,21557
2024-11-07,16084,5448,21532
2024-11-11,16110,5467,21577
2024-11-12,16097,5485,21582
2024-11-13,16110,5464,21574
2024-11-14,16090,5479,21569
2024-11-17,16027,5450,21477
2024-11-18,16018,5456,21474
2024-11-19,16003,5478,21481
2024-11-20,16036,5477,21513
2024-11-21,16056,5466,21522
2024-11-24,16028,5469,21497
2024-11-25,16017,5491,21508
2024-11-26,16030,5472,21502
2024-11-28,15955,5446,21401
2024-12-02,16020,5482,21502
2024-12-03,15966,5448,21414
2024-12-04,16064,5455,21519
2024-12-05,16056,5454,21510
2024-12-08,15952,5464,21416
2024-12-09,15907,5466,21373
2024-12-10,15886,5484,21370
2024-12-11,15949,5483,21432
2024-12-12,16033,5472,21505
2024-12-15,16035,5500,21535
2024-12-16,16030,5485,21515
2024-12-17,16057,5467,21524
2024-12-18,16076,5471,21547
2024-12-19,16076,5471,21547
2024-12-22,16027,5485,21512
2024-12-23,16080,5486,21566
2024-12-25,15984,5493,21477
2024-12-26,15986,5494,21480
2024-12-29,16074,5469,21543
2024-12-30,16036,5478,21514
2025-01-01,16019,5445,21464
2025-01-02,16093,5473,21566
2025-01-05,16160,5464,21624
2025-01-06,16232,5477,21709
2025-01-07,16230,5462,21692
2025-01-08,16242,5496,21738
2025-01-09,16236,5499,21735
2025-01-12,16275,5506,21781
2025-01-14,16368,5515,21883
2025-01-15,16360,5529,21889
2025-01-16,16361,5535,21896
2025-01-21,16376,5567,21943
2025-01-22,16355,5574,21929
2025-01-23,16317,5568,21885
2025-01-26,16275,5529,21804
2025-01-28,16294,5544,21838
2025-01-29,16296,5549,21845
2025-01-30,16369,5549,21918
2025-02-02,16315,5567,21882
2025-02-03,16287,5561,21848
2025-02-04,16310,5556,21866
2025-02-05,16374,5567,21941
2025-02-06,16403,5578,21981
2025-02-09,16353,5569,21922
2025-02-10,16433,5585,22018
